%YAML:1.0
calibration_time: "12/31/14 20:42:04"
nframes: 26
image_width: 640
image_height: 480
board_width: 9
board_height: 6
square_size: 2.5000000372529030e-002
flags: 0
camera_matrix: !!opencv-matrix
   rows: 3
   cols: 3
   dt: d
   data: [ 5.3933555501847218e+002, 0., 3.3461675046556041e+002, 0.,
       5.3917864384120867e+002, 2.4092270297891847e+002, 0., 0., 1. ]
distortion_coefficients: !!opencv-matrix
   rows: 5
   cols: 1
   dt: d
   data: [ -2.8950597719070015e-001, 1.1579908077606776e-001,
       5.9349549763580342e-004, -7.3028779268946174e-004,
       -3.3970949311178097e-002 ]
avg_reprojection_error: 4.3969084670497405e-001
per_view_reprojection_errors: !!opencv-matrix
   rows: 26
   cols: 1
   dt: f
   data: [ 1.86378330e-001, 1.17469811e+000, 2.19232589e-001,
       2.25330085e-001, 2.69560605e-001, 1.77223474e-001,
       2.50026941e-001, 3.17992240e-001, 2.92795092e-001,
       2.42939189e-001, 2.80336529e-001, 4.02835935e-001,
       2.40060434e-001, 4.33541715e-001, 1.19311523e+000,
       2.42208362e-001, 2.66600609e-001, 6.03223920e-001,
       2.38490984e-001, 2.82088429e-001, 2.41326824e-001,
       2.89145708e-001, 1.70508727e-001, 2.42484108e-001,
       5.50257623e-001, 1.67452678e-001 ]
extrinsic_parameters: !!opencv-matrix
   rows: 26
   cols: 6
   dt: d
   data: [ 1.7501660065645985e-001, 2.8885514200216983e-001,
       1.4166032713705897e-002, -6.9378171510658795e-002,
       -1.1301944558879722e-001, 4.0232463937217622e-001,
       4.1203725647800094e-001, 6.6828186002451251e-001,
       -1.3386752030127966e+000, -5.3446263958512763e-002,
       7.9420771764714265e-002, 3.5693197595721571e-001,
       -2.6904356931329748e-001, 1.9825125255893697e-001,
       3.5757275357022883e-001, -3.5273908696142033e-002,
       -1.0347861413429260e-001, 3.1954523682574365e-001,
       -1.0491680082724975e-001, 2.5344300640923600e-001,
       7.6096913908143226e-005, -9.3601798744916045e-002,
       -7.0592925445204846e-002, 3.3341945062809170e-001,
       -2.7758481985633732e-001, 4.3528923095341238e-001,
       1.3168025699833861e+000, 6.3051342673939026e-002,
       -1.1827582641216752e-001, 3.1683623586475301e-001,
       4.2280775892728362e-001, 3.0447121144546663e-001,
       1.6477170786240438e+000, 1.7224878181369654e-001,
       -6.9102344460905074e-002, 3.3616779569778032e-001,
       1.9975862771428499e-001, 3.4916770283369047e-001,
       1.8701752674852690e+000, 2.5205025098338517e-002,
       -7.5653411814455618e-002, 3.9018932779098842e-001,
       -7.4117624281310621e-002, 4.8333711011552716e-001,
       1.7568627507496970e+000, 8.3624832901299781e-002,
       -9.0980986460125909e-002, 3.1632680158584614e-001,
       2.1282789976085731e-001, -4.1224535688729541e-001,
       1.2902140474061213e-001, -6.2267647518734925e-002,
       -8.3820980440122206e-002, 2.8009159031743552e-001,
       -4.0337284510054988e-001, -4.9446129914285020e-001,
       1.3346849013183488e+000, 5.1702846432263111e-002,
       -1.1431363933771338e-001, 3.3813094844085223e-001,
       -2.2285651506967524e-001, 3.5352518733953492e-001,
       1.5342985276110641e+000, 5.5441889504443218e-002,
       -1.0563763051456283e-001, 3.2206263476320302e-001,
       4.8008835827846602e-001, -2.7741177924727489e-001,
       1.2339458541800796e+000, 3.7915870749468970e-002,
       -9.4587197847949098e-002, 2.9213225180341285e-001,
       -1.5522049908199503e-001, -4.6608374973112482e-001,
       1.3438705440980871e+000, 4.9472662957488311e-002,
       -1.1129126531507713e-001, 3.1268118613662998e-001,
       1.5593102071379294e-001, 2.6225328816164833e-001,
       8.0076128521684997e-003, -1.6267127443319190e-001,
       -1.0311289596265126e-001, 3.9865050852399864e-001,
       4.1153064272391482e-001, 6.3694785043946667e-001,
       -1.3439437857300265e+000, -1.4442482105425178e-001,
       8.8157250868245496e-002, 3.5174980839105785e-001,
       -2.8449062641293371e-001, 1.8446187605455666e-001,
       3.4778130594280865e-001, -1.2654803803656353e-001,
       -9.5750502228302545e-002, 3.1756261607772013e-001,
       -1.2107492043043647e-001, 2.3290637132140096e-001,
       -8.9336501325852722e-003, -1.8501654189580558e-001,
       -6.2111980182410896e-002, 3.2984596192997162e-001,
       -3.0154512163196717e-001, 4.2642203816397645e-001,
       1.3054512297098035e+000, -2.8264062111686170e-002,
       -1.1126403953521899e-001, 3.1773904465015401e-001,
       3.9245059028338758e-001, 3.0770785827448682e-001,
       1.6458914508168314e+000, 8.0679470017514396e-002,
       -6.1446138286847300e-002, 3.3726397633565131e-001,
       1.6405152329608280e-001, 3.4997152174400348e-001,
       1.8607116551102416e+000, -6.7921880289979017e-002,
       -6.6626042711767405e-002, 3.9004189531531508e-001,
       -1.0079204874331447e-001, 4.7854710299925035e-001,
       1.7436928974234456e+000, -8.1295202324122816e-003,
       -8.4065824782705884e-002, 3.1744247227043842e-001,
       1.9545120761814894e-001, -4.3161690283906140e-001,
       1.3071868806919915e-001, -1.5268221997557713e-001,
       -7.6389495221115739e-002, 2.7753392608596206e-001,
       -4.3060032724861397e-001, -4.9944243071206473e-001,
       1.3333976386240110e+000, -4.0000943822471061e-002,
       -1.0648803819860286e-001, 3.3857417096901771e-001,
       -2.5119818542048994e-001, 3.4965827915818387e-001,
       1.5225533642582723e+000, -3.6142607023428447e-002,
       -9.8307823229512703e-002, 3.2301395217943774e-001,
       4.5024959389542424e-001, -2.8453106461621652e-001,
       1.2361750399369640e+000, -5.2941096051976187e-002,
       -8.7474541354886096e-002, 2.9172722509865295e-001,
       -1.8013770871770340e-001, -4.7230981348459294e-001,
       1.3443558304610876e+000, -4.1574035381355019e-002,
       -1.0381190895885971e-001, 3.1261459855953577e-001 ]
